bertscore_f1 = 0.8431769609451294
bertscore_precision = 0.8440336585044861
bertscore_recall = 0.8425643444061279
bleu_3_score = 0.49691420668424235
bleu_4_score = 0.5805304322973154
bleu_5_score = 0.640200247868788
