bertscore_f1 = 0.8508101105690002
bertscore_precision = 0.8517371416091919
bertscore_recall = 0.8502368330955505
bleu_3_score = 0.5436092395951685
bleu_4_score = 0.6114259577413345
bleu_5_score = 0.6613826986314877
