bertscore_f1 = 0.8311826586723328
bertscore_precision = 0.8335486054420471
bertscore_recall = 0.8296257853507996
bleu_3_score = 0.449914384741008
bleu_4_score = 0.5074968315301074
bleu_5_score = 0.5483753824562129
