bertscore_f1 = 0.8278909921646118
bertscore_precision = 0.8267187476158142
bertscore_recall = 0.8294634819030762
bleu_3_score = 0.46776806912027813
bleu_4_score = 0.5524251811057949
bleu_5_score = 0.6144263188416018
