bertscore_f1 = 0.8571823239326477
bertscore_precision = 0.8614543080329895
bertscore_recall = 0.8533383011817932
bleu_3_score = 0.46172476066038703
bleu_4_score = 0.5254228013890879
bleu_5_score = 0.5736586812548468
